d = [100, 120, 140, 160, 300, 320];
V_out = [2.77, 2.33, 2.02, 1.78, 0.99, 0.93];